46
Naja_nivea            0.0000000 0.2625284 0.3048079 0.2836674 0.2923487 0.2856473 0.2905829 0.2941842 0.2924858 0.2877024 0.2894542 0.2748258 0.2985055 0.2653918 0.3068300 0.3663024 0.2842318 0.2863701 0.2981940 0.3175339 0.2724506 0.2661818 0.2744072 0.2772419 0.2724506 0.2786278 0.2677990 0.2724506 0.2833513 0.2745968 0.2724506 0.2765703 0.2765703 0.2724506 0.2742406 0.2766542 0.2791334 0.2765703 0.2748439 0.2763637 0.2789882 0.2724506 0.2747203 0.2814063 0.2724506 0.3240354 
Naja_nigricollis_1403 0.2625284 0.0000000 0.2371782 0.2144315 0.2110062 0.2168172 0.2060216 0.2104858 0.2085130 0.2169376 0.2317868 0.2264238 0.3458730 0.2101235 0.2433209 0.2355224 0.1842306 0.2108287 0.2117397 0.2187190 0.1708298 0.1767146 0.1708298 0.1725451 0.1708298 0.1730295 0.1708298 0.1708298 0.1769970 0.1716695 0.1695200 0.1682124 0.1682124 0.1695200 0.1717107 0.1732340 0.1717107 0.1695200 0.1723425 0.1734520 0.1745148 0.1682124 0.1709866 0.1708298 0.1680154 0.2512034 
Naja_mandalayensis    0.3048079 0.2371782 0.0000000 0.1043346 0.1110711 0.1090506 0.1043654 0.1112988 0.1065933 0.1065618 0.1132307 0.1086208 0.1380402 0.1587943 0.1274963 0.1244889 0.1309886 0.0547248 0.0571391 0.1179011 0.0970213 0.1049987 0.0991491 0.0993419 0.0970213 0.1020841 0.0991491 0.0970213 0.1076967 0.0941513 0.0970213 0.0970213 0.0970213 0.0970213 0.0999276 0.1022854 0.1023148 0.0970213 0.0993419 0.1012841 0.0993419 0.0970213 0.0993204 0.0970213 0.0970213 0.0801787 
JN160649_N_atra       0.2836674 0.2144315 0.1043346 0.0000000 0.0105445 0.0185598 0.0095797 0.0085933 0.0086020 0.0018779 0.0668231 0.0572326 0.1276779 0.1259943 0.0604713 0.0969351 0.1207788 0.0902905 0.1196848 0.1328268 0.0569735 0.0609356 0.0581337 0.0569643 0.0569735 0.0595397 0.0569137 0.0569735 0.0622736 0.0571921 0.0569735 0.0583579 0.0583579 0.0569735 0.0583706 0.0596029 0.0596126 0.0583579 0.0581950 0.0592981 0.0595899 0.0569735 0.0581932 0.0598814 0.0569735 0.1089720 
JN160648_N_atra       0.2923487 0.2110062 0.1110711 0.0105445 0.0000000 0.0154850 0.0047241 0.0056718 0.0037707 0.0124974 0.0652307 0.0586955 0.1301788 0.1299617 0.0601315 0.0961501 0.1232550 0.0941208 0.1214459 0.1384169 0.0531438 0.0570122 0.0542860 0.0531354 0.0531438 0.0556534 0.0530891 0.0531438 0.0583189 0.0533436 0.0531438 0.0544910 0.0544910 0.0531438 0.0545027 0.0557115 0.0557204 0.0544910 0.0543423 0.0554312 0.0556996 0.0531438 0.0543410 0.0559676 0.0531438 0.1144966 
JN160647_N_atra       0.2856473 0.2168172 0.1090506 0.0185598 0.0154850 0.0000000 0.0145080 0.0154828 0.0135096 0.0205723 0.0679795 0.0605144 0.1215928 0.1211360 0.0671670 0.0982753 0.1148158 0.0921747 0.1172596 0.1428564 0.0604933 0.0645176 0.0616633 0.0604835 0.0604933 0.0630961 0.0604293 0.0604933 0.0658758 0.0607271 0.0604933 0.0619037 0.0619037 0.0604933 0.0619172 0.0631637 0.0631740 0.0619037 0.0617288 0.0628363 0.0631497 0.0604933 0.0617263 0.0634610 0.0604933 0.1250926 
JN160646_N_atra       0.2905829 0.2060216 0.1043654 0.0095797 0.0047241 0.0145080 0.0000000 0.0047234 0.0028262 0.0115287 0.0641048 0.0572280 0.1304234 0.1221749 0.0571948 0.0947051 0.1234877 0.0884193 0.1147158 0.1280465 0.0544539 0.0583566 0.0556030 0.0544452 0.0544539 0.0569843 0.0543974 0.0544539 0.0596748 0.0546601 0.0544539 0.0558146 0.0558146 0.0544539 0.0558266 0.0570442 0.0570534 0.0558146 0.0556610 0.0567551 0.0570319 0.0544539 0.0556595 0.0573080 0.0544539 0.1047069 
JN160645_N_atra       0.2941842 0.2104858 0.1112988 0.0085933 0.0056718 0.0154828 0.0047234 0.0000000 0.0037702 0.0105331 0.0603159 0.0539178 0.1277636 0.1343641 0.0537994 0.0895992 0.1208565 0.0962011 0.1216953 0.1344638 0.0531354 0.0570030 0.0542774 0.0531269 0.0531354 0.0556445 0.0530806 0.0531354 0.0583095 0.0533351 0.0531354 0.0544823 0.0544823 0.0531354 0.0544940 0.0557026 0.0557115 0.0544823 0.0543336 0.0554223 0.0556906 0.0531354 0.0543324 0.0559586 0.0531354 0.1108214 
JN160644_N_atra       0.2924858 0.2085130 0.1065933 0.0086020 0.0037707 0.0135096 0.0028262 0.0037702 0.0000000 0.0105437 0.0604510 0.0540768 0.1277185 0.1260581 0.0539709 0.0898547 0.1208171 0.0903135 0.1169521 0.1316202 0.0509204 0.0547548 0.0520581 0.0509124 0.0509204 0.0534103 0.0508682 0.0509204 0.0560506 0.0511105 0.0509204 0.0522532 0.0522532 0.0509204 0.0522642 0.0534657 0.0534743 0.0522532 0.0521117 0.0531987 0.0534544 0.0509204 0.0521107 0.0537103 0.0509204 0.1080553 
JN160643_N_atra       0.2877024 0.2169376 0.1065618 0.0018779 0.0124974 0.0205723 0.0115287 0.0105331 0.0105437 0.0000000 0.0692175 0.0587805 0.1301373 0.1259943 0.0604713 0.1000692 0.1232158 0.0921905 0.1219458 0.1360308 0.0592981 0.0633008 0.0604648 0.0592886 0.0592981 0.0618882 0.0592357 0.0592981 0.0646520 0.0595267 0.0592981 0.0606994 0.0606994 0.0592981 0.0607127 0.0619542 0.0619643 0.0606994 0.0605288 0.0616345 0.0619406 0.0592981 0.0605265 0.0622443 0.0592981 0.1120382 
JF357939_N_kaouthia   0.2894542 0.2317868 0.1132307 0.0668231 0.0652307 0.0679795 0.0641048 0.0603159 0.0604510 0.0692175 0.0000000 0.0050166 0.1481316 0.1348490 0.0000010 0.0220670 0.1408784 0.1202203 0.1307688 0.1151609 0.0550400 0.0589102 0.0561786 0.0574388 0.0550400 0.0575491 0.0549835 0.0550400 0.0602170 0.0563902 0.0550400 0.0563902 0.0563902 0.0550400 0.0564022 0.0551926 0.0576181 0.0563902 0.0562365 0.0573200 0.0575966 0.0550400 0.0562350 0.0578726 0.0550400 0.1115283 
GQ359507_N_kaouthia   0.2748258 0.2264238 0.1086208 0.0572326 0.0586955 0.0605144 0.0572280 0.0539178 0.0540768 0.0587805 0.0050166 0.0000000 0.1428818 0.1310238 0.0024762 0.0083979 0.1356925 0.1160279 0.1260514 0.1232773 0.0534212 0.0585587 0.0549320 0.0550073 0.0534212 0.0567480 0.0533485 0.0534212 0.0603031 0.0552068 0.0534212 0.0534212 0.0534212 0.0534212 0.0552224 0.0568266 0.0568387 0.0552068 0.0550073 0.0564479 0.0568105 0.0534212 0.0550055 0.0571735 0.0534212 0.1156748 
GQ359506_N_naja       0.2985055 0.3458730 0.1380402 0.1276779 0.1301788 0.1215928 0.1304234 0.1277636 0.1277185 0.1301373 0.1481316 0.1428818 0.0000000 0.0504396 0.1092994 0.1337828 0.0532830 0.1140094 0.1432078 0.1594324 0.1988068 0.2138973 0.2013828 0.2018398 0.1988068 0.2061021 0.2013828 0.1988068 0.2050785 0.2007874 0.1988068 0.1988068 0.1988068 0.1988068 0.2034892 0.2065747 0.2066395 0.1988068 0.1988068 0.2039623 0.1988068 0.1988068 0.2017282 0.1988068 0.1988068 0.1950953 
FR871895_N_naja       0.2653918 0.2101235 0.1587943 0.1259943 0.1299617 0.1211360 0.1221749 0.1343641 0.1260581 0.1259943 0.1348490 0.1310238 0.0504396 0.0000000 0.1356011 0.1310238 0.0508401 0.1232849 0.1416209 0.1621378 0.1153652 0.1296729 0.1189830 0.1193769 0.1153652 0.1243167 0.1189830 0.1153652 0.1153652 0.1168556 0.1153652 0.1153652 0.1153652 0.1153652 0.1206178 0.1206178 0.1247976 0.1153652 0.1153652 0.1226176 0.1153652 0.1153652 0.1193196 0.1153652 0.1153652 0.1626326 
FR693733_N_kaouthia   0.3068300 0.2433209 0.1274963 0.0604713 0.0601315 0.0671670 0.0571948 0.0537994 0.0539709 0.0604713 0.0000010 0.0024762 0.1092994 0.1356011 0.0000000 0.0024762 0.1027937 0.1272325 0.1366719 0.1236131 0.0468895 0.0569128 0.0498355 0.0499688 0.0468895 0.0533523 0.0498355 0.0468895 0.0468895 0.0503220 0.0468895 0.0468895 0.0468895 0.0468895 0.0503498 0.0503498 0.0535204 0.0468895 0.0499688 0.0528016 0.0468895 0.0468895 0.0499671 0.0468895 0.0468895 0.1398726 
FR693728_N_kaouthia   0.3663024 0.2355224 0.1244889 0.0969351 0.0961501 0.0982753 0.0947051 0.0895992 0.0898547 0.1000692 0.0220670 0.0083979 0.1337828 0.1310238 0.0024762 0.0000000 0.1264617 0.1245078 0.1428162 0.2006620 0.0838012 0.0891612 0.0852804 0.0869991 0.0838012 0.0872308 0.0836888 0.0838012 0.0889896 0.0857133 0.0838012 0.0857133 0.0857133 0.0838012 0.0857373 0.0841175 0.0873673 0.0838012 0.0853955 0.0867638 0.0873251 0.0838012 0.0853856 0.0838012 0.0838012 0.1992414 
EU624299.1_Naja_naja  0.2842318 0.1842306 0.1309886 0.1207788 0.1232550 0.1148158 0.1234877 0.1208565 0.1208171 0.1232158 0.1408784 0.1356925 0.0532830 0.0508401 0.1027937 0.1264617 0.0000000 0.1073719 0.1386343 0.1438910 0.0896572 0.0938603 0.0896572 0.0885228 0.0896572 0.0911515 0.0896572 0.0907806 0.0902786 0.0900033 0.0885362 0.0897403 0.0897403 0.0885362 0.0900224 0.0912454 0.0912593 0.0885362 0.0896572 0.0919062 0.0896572 0.0897403 0.0897403 0.0896572 0.0873286 0.1791889 
DQ897734_N_sputatrix  0.2863701 0.2108287 0.0547248 0.0902905 0.0941208 0.0921747 0.0884193 0.0962011 0.0903135 0.0921905 0.1202203 0.1160279 0.1140094 0.1232849 0.1272325 0.1245078 0.1073719 0.0000000 0.0739513 0.1281031 0.1013745 0.1086336 0.1032967 0.1034781 0.1013745 0.1059779 0.1032967 0.1013745 0.1110775 0.1020554 0.1013745 0.1013745 0.1013745 0.1013745 0.1040329 0.1061672 0.1061947 0.1013745 0.1034781 0.1052252 0.1061280 0.1013745 0.1034565 0.1013745 0.1013745 0.1279609 
AF155214_N_siamensis  0.2981940 0.2117397 0.0571391 0.1196848 0.1214459 0.1172596 0.1147158 0.1216953 0.1169521 0.1219458 0.1307688 0.1260514 0.1432078 0.1416209 0.1366719 0.1428162 0.1386343 0.0739513 0.0000000 0.0000010 0.1095873 0.1178801 0.1117414 0.1119618 0.1095873 0.1148254 0.1117414 0.1095873 0.1206690 0.1104207 0.1095873 0.1095873 0.1095873 0.1095873 0.1126425 0.1150544 0.1126425 0.1095873 0.1119618 0.1139028 0.1119618 0.1095873 0.1119324 0.1095873 0.1095873 0.0461222 
AB920242_N_siamensis  0.3175339 0.2187190 0.1179011 0.1328268 0.1384169 0.1428564 0.1280465 0.1344638 0.1316202 0.1360308 0.1151609 0.1232773 0.1594324 0.1621378 0.1236131 0.2006620 0.1438910 0.1281031 0.0000010 0.0000000 0.1241448 0.1241448 0.1241448 0.1276045 0.1241448 0.1241448 0.1207169 0.1241448 0.1241448 0.1241448 0.1241448 0.1230661 0.1286745 0.1241448 0.1241448 0.1241448 0.1241448 0.1241448 0.1276045 0.1303540 0.1322080 0.1241448 0.1241448 0.1241448 0.1241448 0.0508871 
889_KhR               0.2724506 0.1708298 0.0970213 0.0569735 0.0531438 0.0604933 0.0544539 0.0531354 0.0509204 0.0592981 0.0550400 0.0534212 0.1988068 0.1153652 0.0468895 0.0838012 0.0896572 0.1013745 0.1095873 0.1241448 0.0000000 0.0028732 0.0011416 0.0034459 0.0000010 0.0017171 0.0017149 0.0005700 0.0028752 0.0005710 0.0005703 0.0017179 0.0017179 0.0005703 0.0011437 0.0017180 0.0017181 0.0011436 0.0005703 0.0011410 0.0011436 0.0011422 0.0011422 0.0011458 0.0011423 0.1073807 
890_KhR               0.2661818 0.1767146 0.1049987 0.0609356 0.0570122 0.0645176 0.0583566 0.0570030 0.0547548 0.0633008 0.0589102 0.0585587 0.2138973 0.1296729 0.0569128 0.0891612 0.0938603 0.1086336 0.1178801 0.1241448 0.0028732 0.0000000 0.0028732 0.0063752 0.0028732 0.0022996 0.0034530 0.0034509 0.0046316 0.0034571 0.0022965 0.0034590 0.0034590 0.0022965 0.0028786 0.0034592 0.0034595 0.0028784 0.0034527 0.0040296 0.0040394 0.0028748 0.0028748 0.0040487 0.0028749 0.1073807 
891_KhR               0.2744072 0.1708298 0.0991491 0.0581337 0.0542860 0.0616633 0.0556030 0.0542774 0.0520581 0.0604648 0.0561786 0.0549320 0.2013828 0.1189830 0.0498355 0.0852804 0.0896572 0.1032967 0.1117414 0.1241448 0.0011416 0.0028732 0.0000000 0.0046051 0.0011416 0.0017171 0.0017149 0.0017139 0.0028752 0.0017170 0.0005703 0.0017179 0.0017179 0.0005703 0.0011437 0.0017180 0.0017181 0.0011436 0.0017148 0.0022872 0.0022924 0.0011422 0.0011422 0.0022979 0.0011423 0.1073807 
892_KhR               0.2772419 0.1725451 0.0993419 0.0569643 0.0531354 0.0604835 0.0544452 0.0531269 0.0509124 0.0592886 0.0574388 0.0550073 0.2018398 0.1193769 0.0499688 0.0869991 0.0885228 0.1034781 0.1119618 0.1276045 0.0034459 0.0063752 0.0046051 0.0000000 0.0034459 0.0051953 0.0051884 0.0040237 0.0063797 0.0040310 0.0040260 0.0051977 0.0051977 0.0040260 0.0046139 0.0051979 0.0051984 0.0046135 0.0040258 0.0046025 0.0046132 0.0046078 0.0046078 0.0046235 0.0046079 0.1106841 
894_KhR               0.2724506 0.1708298 0.0970213 0.0569735 0.0531438 0.0604933 0.0544539 0.0531354 0.0509204 0.0592981 0.0550400 0.0534212 0.1988068 0.1153652 0.0468895 0.0838012 0.0896572 0.1013745 0.1095873 0.1241448 0.0000010 0.0028732 0.0011416 0.0034459 0.0000000 0.0017171 0.0017149 0.0005700 0.0028752 0.0005710 0.0005703 0.0017179 0.0017179 0.0005703 0.0011437 0.0017180 0.0017181 0.0011436 0.0005703 0.0011410 0.0011436 0.0011422 0.0011422 0.0011458 0.0011423 0.1073807 
897_KhR               0.2786278 0.1730295 0.1020841 0.0595397 0.0556534 0.0630961 0.0569843 0.0556445 0.0534103 0.0618882 0.0575491 0.0567480 0.2061021 0.1243167 0.0533523 0.0872308 0.0911515 0.1059779 0.1148254 0.1241448 0.0017171 0.0022996 0.0017171 0.0051953 0.0017171 0.0000000 0.0022929 0.0022915 0.0034599 0.0022956 0.0011437 0.0022979 0.0022979 0.0011437 0.0017209 0.0022979 0.0022979 0.0017209 0.0022927 0.0028669 0.0028735 0.0017181 0.0017181 0.0028804 0.0017181 0.1073807 
901_KhR               0.2677990 0.1708298 0.0991491 0.0569137 0.0530891 0.0604293 0.0543974 0.0530806 0.0508682 0.0592357 0.0549835 0.0533485 0.2013828 0.1189830 0.0498355 0.0836888 0.0896572 0.1032967 0.1117414 0.1207169 0.0017149 0.0034530 0.0017149 0.0051884 0.0017149 0.0022929 0.0000000 0.0022885 0.0034554 0.0022926 0.0011423 0.0022939 0.0022939 0.0011423 0.0017181 0.0022940 0.0022942 0.0017180 0.0022897 0.0028632 0.0028698 0.0017159 0.0017159 0.0028766 0.0017159 0.1041099 
905_KhR               0.2724506 0.1708298 0.0970213 0.0569735 0.0531438 0.0604933 0.0544539 0.0531354 0.0509204 0.0592981 0.0550400 0.0534212 0.1988068 0.1153652 0.0468895 0.0838012 0.0907806 0.1013745 0.1095873 0.1241448 0.0005700 0.0034509 0.0017139 0.0040237 0.0005700 0.0022915 0.0022885 0.0000000 0.0034533 0.0011430 0.0011416 0.0022926 0.0022926 0.0011416 0.0017171 0.0022927 0.0022929 0.0017170 0.0011415 0.0017129 0.0017169 0.0017149 0.0017149 0.0017209 0.0017149 0.1073807 
906_KhR               0.2833513 0.1769970 0.1076967 0.0622736 0.0583189 0.0658758 0.0596748 0.0583095 0.0560506 0.0646520 0.0602170 0.0603031 0.2050785 0.1153652 0.0468895 0.0889896 0.0902786 0.1110775 0.1206690 0.1241448 0.0028752 0.0046316 0.0028752 0.0063797 0.0028752 0.0034599 0.0034554 0.0034533 0.0000000 0.0034595 0.0022979 0.0034615 0.0034615 0.0022979 0.0028806 0.0034616 0.0034619 0.0028804 0.0034551 0.0040324 0.0040418 0.0028766 0.0028766 0.0040515 0.0028766 0.1073807 
907_KhJ               0.2745968 0.1716695 0.0941513 0.0571921 0.0533436 0.0607271 0.0546601 0.0533351 0.0511105 0.0595267 0.0563902 0.0552068 0.2007874 0.1168556 0.0503220 0.0857133 0.0900033 0.1020554 0.1104207 0.1241448 0.0005710 0.0034571 0.0017170 0.0040310 0.0005710 0.0022956 0.0022926 0.0011430 0.0034595 0.0000000 0.0011436 0.0022967 0.0022967 0.0011436 0.0017209 0.0022968 0.0022979 0.0017209 0.0011436 0.0017160 0.0017199 0.0017179 0.0017179 0.0017240 0.0017180 0.1073807 
910_KhSh              0.2724506 0.1695200 0.0970213 0.0569735 0.0531438 0.0604933 0.0544539 0.0531354 0.0509204 0.0592981 0.0550400 0.0534212 0.1988068 0.1153652 0.0468895 0.0838012 0.0885362 0.1013745 0.1095873 0.1241448 0.0005703 0.0022965 0.0005703 0.0040260 0.0005703 0.0011437 0.0011423 0.0011416 0.0022979 0.0011436 0.0000000 0.0011443 0.0011443 0.0000010 0.0005714 0.0011443 0.0011444 0.0005713 0.0011422 0.0017139 0.0017178 0.0005706 0.0005706 0.0017209 0.0005706 0.1073807 
911_KhSh              0.2765703 0.1682124 0.0970213 0.0583579 0.0544910 0.0619037 0.0558146 0.0544823 0.0522532 0.0606994 0.0563902 0.0534212 0.1988068 0.1153652 0.0468895 0.0857133 0.0897403 0.1013745 0.1095873 0.1230661 0.0017179 0.0034590 0.0017179 0.0051977 0.0017179 0.0022979 0.0022939 0.0022926 0.0034615 0.0022967 0.0011443 0.0000000 0.0011458 0.0011443 0.0017209 0.0022979 0.0022979 0.0017209 0.0022937 0.0028682 0.0028748 0.0005724 0.0017189 0.0028817 0.0017189 0.1115593 
912_KhSh              0.2765703 0.1682124 0.0970213 0.0583579 0.0544910 0.0619037 0.0558146 0.0544823 0.0522532 0.0606994 0.0563902 0.0534212 0.1988068 0.1153652 0.0468895 0.0857133 0.0897403 0.1013745 0.1095873 0.1286745 0.0017179 0.0034590 0.0017179 0.0051977 0.0017179 0.0022979 0.0022939 0.0022926 0.0034615 0.0022967 0.0011443 0.0011458 0.0000000 0.0011443 0.0017209 0.0022979 0.0022979 0.0017209 0.0022937 0.0028682 0.0028748 0.0005724 0.0017189 0.0028817 0.0017189 0.1115593 
913_Gol               0.2724506 0.1695200 0.0970213 0.0569735 0.0531438 0.0604933 0.0544539 0.0531354 0.0509204 0.0592981 0.0550400 0.0534212 0.1988068 0.1153652 0.0468895 0.0838012 0.0885362 0.1013745 0.1095873 0.1241448 0.0005703 0.0022965 0.0005703 0.0040260 0.0005703 0.0011437 0.0011423 0.0011416 0.0022979 0.0011436 0.0000010 0.0011443 0.0011443 0.0000000 0.0005714 0.0011443 0.0011444 0.0005713 0.0011422 0.0017139 0.0017178 0.0005706 0.0005706 0.0017209 0.0005706 0.1073807 
917_Tur               0.2742406 0.1717107 0.0999276 0.0583706 0.0545027 0.0619172 0.0558266 0.0544940 0.0522642 0.0607127 0.0564022 0.0552224 0.2034892 0.1206178 0.0503498 0.0857373 0.0900224 0.1040329 0.1126425 0.1241448 0.0011437 0.0028786 0.0011437 0.0046139 0.0011437 0.0017209 0.0017181 0.0017171 0.0028806 0.0017209 0.0005714 0.0017209 0.0017209 0.0005714 0.0000000 0.0005703 0.0017209 0.0011458 0.0017180 0.0022915 0.0022968 0.0011444 0.0011444 0.0023023 0.0011444 0.1073807 
918_Tur               0.2766542 0.1732340 0.1022854 0.0596029 0.0557115 0.0631637 0.0570442 0.0557026 0.0534657 0.0619542 0.0551926 0.0568266 0.2065747 0.1206178 0.0503498 0.0841175 0.0912454 0.1061672 0.1150544 0.1241448 0.0017180 0.0034592 0.0017180 0.0051979 0.0017180 0.0022979 0.0022940 0.0022927 0.0034616 0.0022968 0.0011443 0.0022979 0.0022979 0.0011443 0.0005703 0.0000000 0.0022979 0.0017209 0.0022938 0.0028684 0.0028750 0.0017190 0.0017190 0.0028819 0.0017190 0.1073807 
925_Afg               0.2791334 0.1717107 0.1023148 0.0596126 0.0557204 0.0631740 0.0570534 0.0557115 0.0534743 0.0619643 0.0576181 0.0568387 0.2066395 0.1247976 0.0535204 0.0873673 0.0912593 0.1061947 0.1126425 0.1241448 0.0017181 0.0034595 0.0017181 0.0051984 0.0017181 0.0022979 0.0022942 0.0022929 0.0034619 0.0022979 0.0011444 0.0022979 0.0022979 0.0011444 0.0017209 0.0022979 0.0000000 0.0017209 0.0022940 0.0028686 0.0028752 0.0017191 0.0017191 0.0028821 0.0017192 0.1073807 
938_KhR               0.2765703 0.1695200 0.0970213 0.0583579 0.0544910 0.0619037 0.0558146 0.0544823 0.0522532 0.0606994 0.0563902 0.0552068 0.1988068 0.1153652 0.0468895 0.0838012 0.0885362 0.1013745 0.1095873 0.1241448 0.0011436 0.0028784 0.0011436 0.0046135 0.0011436 0.0017209 0.0017180 0.0017170 0.0028804 0.0017209 0.0005713 0.0017209 0.0017209 0.0005713 0.0011458 0.0017209 0.0017209 0.0000000 0.0017178 0.0022913 0.0022965 0.0011443 0.0011443 0.0023021 0.0011443 0.1073807 
942_KhR               0.2748439 0.1723425 0.0993419 0.0581950 0.0543423 0.0617288 0.0556610 0.0543336 0.0521117 0.0605288 0.0562365 0.0550073 0.1988068 0.1153652 0.0499688 0.0853955 0.0896572 0.1034781 0.1119618 0.1276045 0.0005703 0.0034527 0.0017148 0.0040258 0.0005703 0.0022927 0.0022897 0.0011415 0.0034551 0.0011436 0.0011422 0.0022937 0.0022937 0.0011422 0.0017180 0.0022938 0.0022940 0.0017178 0.0000000 0.0017138 0.0017177 0.0017157 0.0017157 0.0017209 0.0017158 0.1106841 
943_KhR               0.2763637 0.1734520 0.1012841 0.0592981 0.0554312 0.0628363 0.0567551 0.0554223 0.0531987 0.0616345 0.0573200 0.0564479 0.2039623 0.1226176 0.0528016 0.0867638 0.0919062 0.1052252 0.1139028 0.1303540 0.0011410 0.0040296 0.0022872 0.0046025 0.0011410 0.0028669 0.0028632 0.0017129 0.0040324 0.0017160 0.0017139 0.0028682 0.0028682 0.0017139 0.0022915 0.0028684 0.0028686 0.0022913 0.0017138 0.0000000 0.0022912 0.0022885 0.0022885 0.0022967 0.0022885 0.1133932 
944_KhR               0.2789882 0.1745148 0.0993419 0.0595899 0.0556996 0.0631497 0.0570319 0.0556906 0.0534544 0.0619406 0.0575966 0.0568105 0.1988068 0.1153652 0.0468895 0.0873251 0.0896572 0.1061280 0.1119618 0.1322080 0.0011436 0.0040394 0.0022924 0.0046132 0.0011436 0.0028735 0.0028698 0.0017169 0.0040418 0.0017199 0.0017178 0.0028748 0.0028748 0.0017178 0.0022968 0.0028750 0.0028752 0.0022965 0.0017177 0.0022912 0.0000000 0.0022937 0.0022937 0.0023019 0.0022938 0.1149323 
1049_KhSh             0.2724506 0.1682124 0.0970213 0.0569735 0.0531438 0.0604933 0.0544539 0.0531354 0.0509204 0.0592981 0.0550400 0.0534212 0.1988068 0.1153652 0.0468895 0.0838012 0.0897403 0.1013745 0.1095873 0.1241448 0.0011422 0.0028748 0.0011422 0.0046078 0.0011422 0.0017181 0.0017159 0.0017149 0.0028766 0.0017179 0.0005706 0.0005724 0.0005724 0.0005706 0.0011444 0.0017190 0.0017191 0.0011443 0.0017157 0.0022885 0.0022937 0.0000000 0.0011429 0.0022992 0.0011429 0.1073807 
1058_KhR              0.2747203 0.1709866 0.0993204 0.0581932 0.0543410 0.0617263 0.0556595 0.0543324 0.0521107 0.0605265 0.0562350 0.0550055 0.2017282 0.1193196 0.0499671 0.0853856 0.0897403 0.1034565 0.1119324 0.1241448 0.0011422 0.0028748 0.0011422 0.0046078 0.0011422 0.0017181 0.0017159 0.0017149 0.0028766 0.0017179 0.0005706 0.0017189 0.0017189 0.0005706 0.0011444 0.0017190 0.0017191 0.0011443 0.0017157 0.0022885 0.0022937 0.0011429 0.0000000 0.0022992 0.0011429 0.1073807 
1200_Gol              0.2814063 0.1708298 0.0970213 0.0598814 0.0559676 0.0634610 0.0573080 0.0559586 0.0537103 0.0622443 0.0578726 0.0571735 0.1988068 0.1153652 0.0468895 0.0838012 0.0896572 0.1013745 0.1095873 0.1241448 0.0011458 0.0040487 0.0022979 0.0046235 0.0011458 0.0028804 0.0028766 0.0017209 0.0040515 0.0017240 0.0017209 0.0028817 0.0028817 0.0017209 0.0023023 0.0028819 0.0028821 0.0023021 0.0017209 0.0022967 0.0023019 0.0022992 0.0022992 0.0000000 0.0022993 0.1073807 
1204_Gol              0.2724506 0.1680154 0.0970213 0.0569735 0.0531438 0.0604933 0.0544539 0.0531354 0.0509204 0.0592981 0.0550400 0.0534212 0.1988068 0.1153652 0.0468895 0.0838012 0.0873286 0.1013745 0.1095873 0.1241448 0.0011423 0.0028749 0.0011423 0.0046079 0.0011423 0.0017181 0.0017159 0.0017149 0.0028766 0.0017180 0.0005706 0.0017189 0.0017189 0.0005706 0.0011444 0.0017190 0.0017192 0.0011443 0.0017158 0.0022885 0.0022938 0.0011429 0.0011429 0.0022993 0.0000000 0.1073807 
AB920240_N_sumatrana  0.3240354 0.2512034 0.0801787 0.1089720 0.1144966 0.1250926 0.1047069 0.1108214 0.1080553 0.1120382 0.1115283 0.1156748 0.1950953 0.1626326 0.1398726 0.1992414 0.1791889 0.1279609 0.0461222 0.0508871 0.1073807 0.1073807 0.1073807 0.1106841 0.1073807 0.1073807 0.1041099 0.1073807 0.1073807 0.1073807 0.1073807 0.1115593 0.1115593 0.1073807 0.1073807 0.1073807 0.1073807 0.1073807 0.1106841 0.1133932 0.1149323 0.1073807 0.1073807 0.1073807 0.1073807 0.0000000 
